probeset_id	affy_snp_id	CR	FLD	HomFLD	HetSO	HomRO	nMinorAllele	Nclus	n_AA	n_AB	n_BB	n_NC	hemizygous	HomHet	ConversionType	BestProbeset
AX-89778343	Affx-88815100	100	14.8246020076491	30.5112195493275	0.53002372032217	1.7099	388	3	77	234	159	0	0	0	PolyHighResolution	1
AX-89778350	Affx-88815144	99.5744680851064	16.2595976728707	34.4633951092703	0.590805134326976	2.15327	309	3	35	239	194	2	0	0	PolyHighResolution	1
AX-89778351	Affx-88815147	99.7872340425532	4.56627299889739	11.1713706603851	0.0675850015313717	-0.302782	184	3	330	94	45	1	0	0	PolyHighResolution	1
AX-89778365	Affx-88815200	99.3617021276596	4.75880096665309	12.1783904932348	0.203075352546044	-0.405782	200	3	311	112	44	3	0	0	PolyHighResolution	1
AX-89778366	Affx-88815209	98.2978723404255	4.30929689474093	11.9803102436829	0.0298016674663941	-0.604787	213	3	35	143	284	8	0	0	PolyHighResolution	1
AX-89778373	Affx-88815234	98.7234042553192	5.14637403322171	12.8220554887761	0.0434113393099071	-1.29291	456	3	111	234	119	6	0	0	PolyHighResolution	1
AX-89778376	Affx-88815247	99.7872340425532	14.8530705300378	30.6944147864405	0.896707866229537	2.8793	465	3	115	235	119	1	0	0	PolyHighResolution	1
AX-89778380	Affx-88815256	97.4468085106383	4.637310106975	11.0063942845232	0.0921019484539443	-0.325062	287	3	24	239	195	12	0	0	PolyHighResolution	1
AX-89778381	Affx-88815258	99.7872340425532	5.50749076748033	13.8722576230792	0.0555675281287975	-0.542675	205	3	29	147	293	1	0	0	PolyHighResolution	1
AX-89778384	Affx-88815265	98.2978723404255	4.58850788181065	14.667997493637	0.135634609225987	0.466901	217	3	37	143	282	8	0	0	PolyHighResolution	1
AX-89778387	Affx-88815279	99.7872340425532	4.76261038608614	11.9559936117588	0.0674508383834631	-1.16808	225	3	282	149	38	1	0	0	PolyHighResolution	1
AX-89778389	Affx-88815286	97.4468085106383	4.48027021961219	11.8045610709724	0.0452201754969206	-0.652318	390	3	46	298	114	12	0	0	PolyHighResolution	1
AX-89778393	Affx-88815299	99.5744680851064	NA	16.3264142493184	NA	-0.0362568	320	2	308	0	160	2	0	0	PolyHighResolution	1
AX-89778395	Affx-88815310	97.4468085106383	4.77284107281532	12.8644994588711	0.0850612720354427	-0.238924	203	3	27	149	282	12	0	0	PolyHighResolution	1
AX-89778400	Affx-88815334	98.0851063829787	4.50143464247536	11.9262890642378	0.0791786860347141	-0.558016	303	3	34	235	192	9	0	0	PolyHighResolution	1
AX-89778407	Affx-88815359	99.5744680851064	13.1981331944633	27.6426680643914	0.621997760039523	1.99603	238	3	264	170	34	2	0	0	PolyHighResolution	1
AX-89778411	Affx-88815392	98.7234042553192	5.53766950950591	16.6036359436644	0.118446485129985	-0.0757565	398	3	143	244	77	6	0	0	PolyHighResolution	1
AX-89778419	Affx-88809790	100	6.02442794735942	13.8602824170439	0.397322874293533	1.25747	403	3	98	207	165	0	0	0	PolyHighResolution	1
AX-89778432	Affx-88815468	98.7234042553192	5.91226038274892	13.2046236481498	0.120905745003352	0.508173	379	3	73	233	158	6	0	0	PolyHighResolution	1
AX-89778449	Affx-88815525	99.5744680851064	5.04993569136034	13.4026288182894	0.0883011038481722	-0.757533	384	3	199	154	115	2	0	0	PolyHighResolution	1
AX-89778450	Affx-88815526	97.4468085106383	5.06088313215259	11.3638419418189	0.0905017802110368	-1.10712	351	3	164	237	57	12	0	0	PolyHighResolution	1
AX-89778452	Affx-88815538	100	13.2565004729488	30.7936147386832	0.604116240672898	2.80952	388	3	77	234	159	0	0	0	PolyHighResolution	1
AX-89778453	Affx-88815539	97.0212765957447	5.41863520567642	11.0619942740935	0.224484372727876	1.29535	363	3	64	235	157	14	0	0	PolyHighResolution	1
AX-89778469	Affx-88815611	99.7872340425532	7.78284965991447	27.1181844566815	0.42552994439257	2.123	388	3	77	234	158	1	0	0	PolyHighResolution	1
AX-89778493	Affx-88815686	98.0851063829787	4.86145708335469	12.2001237415575	0.113473161977677	0.0164511	301	3	31	239	191	9	0	0	PolyHighResolution	1
AX-89778495	Affx-88815690	99.7872340425532	5.34775492370145	12.7652126414926	0.109480282804563	0.189696	151	3	43	65	361	1	0	0	PolyHighResolution	1
AX-89778511	Affx-88815748	100	7.72645561341468	17.1937663214514	0.334224231426481	1.55977	392	3	79	234	157	0	0	0	PolyHighResolution	1
AX-89778512	Affx-88815753	99.7872340425532	5.6836977206451	19.5598803016156	0.128266826947593	0.135125	225	3	81	63	325	1	0	0	PolyHighResolution	1
AX-89778513	Affx-88815761	97.0212765957447	5.25683639041697	11.4332315430198	0.0986010162666915	-0.449174	268	3	214	216	26	14	0	0	PolyHighResolution	1
AX-89778522	Affx-88815804	97.4468085106383	4.67151463868173	10.3097961174955	0.111737531627368	0.230942	374	3	27	320	111	12	0	0	PolyHighResolution	1
